image_width: 640
image_height: 480
camera_name: logitechc110
camera_matrix:
  rows: 3
  cols: 3
  data: [679.85751, 0, 310.58676, 0, 679.529, 271.60267, 0, 0, 1]
distortion_model: plumb_bob
distortion_coefficients:
  rows: 1
  cols: 5
  data: [0.248985, -0.6919729999999999, 0.002534, -0.002519, 0]
rectification_matrix:
  rows: 3
  cols: 3
  data: [1, 0, 0, 0, 1, 0, 0, 0, 1]
projection_matrix:
  rows: 3
  cols: 4
  data: [692.61684, 0, 309.11171, 0, 0, 693.43887, 272.6571, 0, 0, 0, 1, 0]
